(894, 515, (1, 2, 512), 0.4302751935164243)
(2009, 25, (1, 16, 8), 0.3049801552110544)
(4053, 29, (1, 4, 16, 8), 0.522423457215282)
(4092, 521, (1, 512, 8), 1.1613065449681192)
(6020, 19, (1, 16, 2), 0.2948118024410091)
(7693, 16392, (8, 16384), 0.422761850340511)
(8625, 519, (1, 4, 2, 512), 0.40099174814469124)
(8645, 768, (256, 512), 5.261058186425048)
(8702, 534, (4, 16, 2, 512), 0.532072960096735)
(10149, 16920, (16, 512, 8, 16384), 0.9978265730555004)
(15240, 9, (1, 8), 0.41092237182883473)
(15696, 16390, (4, 2, 16384), 0.3982864065057096)
(16700, 16411, (1, 16, 2, 8, 16384), 0.553849125239127)
(18838, 13, (1, 4, 8), 0.45068988716890607)
(21760, 16915, (1, 16, 2, 512, 16384), 0.5188920082916244)
(22949, 531, (1, 16, 2, 512), 0.341257204814546)
(24423, 537, (1, 16, 512, 8), 0.3755645288058256)
(26188, 23, (1, 4, 16, 2), 0.36686638556388035)
(28466, 16901, (1, 4, 512, 16384), 0.7195106677124625)
(30141, 524, (4, 512, 8), 2.7771858876066116)
(32330, 525, (1, 4, 512, 8), 0.5182917175590391)
(38390, 517, (1, 4, 512), 1.474788885864707)
(43581, 15, (1, 4, 2, 8), 0.4529226524350349)
(48170, 523, (1, 2, 512, 8), 0.3964812751858365)
(55158, 526, (4, 2, 512, 8), 1.3738510005728681)
(71831, 16388, (4, 16384), 0.3668530805682445)
(72092, 16908, (4, 512, 8, 16384), 3.1044828842637213)
(73857, 533, (1, 4, 16, 512), 0.36304199843773477)
(88036, 528, (16, 512), 0.41897117789225435)
(88685, 16403, (1, 16, 2, 16384), 0.34150587436241236)
(98020, 16912, (16, 512, 16384), 0.4204268306785785)
(99073, 16899, (1, 2, 512, 16384), 0.3747511948174378)
(100727, 16905, (1, 512, 8, 16384), 0.4781311899456282)
(101210, 16898, (2, 512, 16384), 0.8489227770446882)
(110922, 520, (512, 8), 3.626408802839985)
(112750, 5, (1, 4), 0.3421199721318824)
(120130, 16900, (4, 512, 16384), 1.1934868461118293)
(148312, 16397, (1, 4, 8, 16384), 0.37895396864976083)
(158576, 16921, (1, 16, 512, 8, 16384), 0.6615994802184068)
(171840, 256, (256,), 0.33238668534462906)
(172928, 0, (), 0.3324985022053525)
(208168, 16904, (512, 8, 16384), 2.8027911314304657)
(233904, 16897, (1, 512, 16384), 0.7053159906214531)
(245488, 16914, (16, 2, 512, 16384), 0.6092121733807438)
(255576, 16387, (1, 2, 16384), 0.3856940853576843)
(289028, 538, (16, 2, 512, 8), 3.1888094587146005)
(310408, 16896, (512, 16384), 0.68047501330155)
(380101, 16401, (1, 16, 16384), 0.2626170032990639)
(387840, 769, (256, 1, 512), 1.3197775641544292)
(387840, 770, (256, 2, 512), 1.3197775641544292)
(387840, 772, (256, 4, 512), 1.3197775641544292)
(387840, 776, (256, 512, 8), 1.3197775641544292)
(387840, 784, (256, 16, 512), 1.3197775641544292)
(387840, 17152, (256, 512, 16384), 1.3197775641544292)
(399382, 16385, (1, 16384), 0.25676358446886016)
(423543, 516, (4, 512), 2.305957691919517)
(428800, 16903, (1, 4, 2, 512, 16384), 0.7131953563959141)
(458240, 16909, (1, 4, 512, 8, 16384), 1.8643394922832583)
(526134, 16913, (1, 16, 512, 16384), 0.3527013725198334)
(529920, 16404, (4, 16, 16384), 0.4689684805911337)
(531200, 11, (1, 2, 8), 0.37048991329316977)
(547224, 263, (256, 1, 4, 2), 0.9658543551825103)
(547224, 267, (256, 1, 2, 8), 0.9658543551825103)
(547224, 269, (256, 1, 4, 8), 0.9658543551825103)
(547224, 270, (256, 4, 2, 8), 0.9658543551825103)
(547224, 275, (256, 1, 16, 2), 0.9658543551825103)
(547224, 277, (256, 1, 4, 16), 0.9658543551825103)
(547224, 278, (256, 4, 16, 2), 0.9658543551825103)
(547224, 281, (256, 1, 16, 8), 0.9658543551825103)
(547224, 282, (256, 16, 2, 8), 0.9658543551825103)
(547224, 284, (256, 4, 16, 8), 0.9658543551825103)
(547224, 16643, (256, 1, 2, 16384), 0.9658543551825103)
(547224, 16645, (256, 1, 4, 16384), 0.9658543551825103)
(547224, 16646, (256, 4, 2, 16384), 0.9658543551825103)
(547224, 16649, (256, 1, 8, 16384), 0.9658543551825103)
(547224, 16650, (256, 2, 8, 16384), 0.9658543551825103)
(547224, 16652, (256, 4, 8, 16384), 0.9658543551825103)
(547224, 16657, (256, 1, 16, 16384), 0.9658543551825103)
(547224, 16658, (256, 16, 2, 16384), 0.9658543551825103)
(547224, 16660, (256, 4, 16, 16384), 0.9658543551825103)
(547224, 16664, (256, 16, 8, 16384), 0.9658543551825103)
(601558, 16389, (1, 4, 16384), 0.3402283557636578)
(634554, 512, (512,), 0.9719425613005194)
(657673, 16924, (4, 16, 512, 8, 16384), 0.9176935459437602)
(685503, 540, (4, 16, 512, 8), 0.8641122688272103)
(704174, 514, (2, 512), 0.8345757650957394)
(717122, 16395, (1, 2, 8, 16384), 0.36824499209231054)
(745728, 771, (256, 1, 2, 512), 1.0375559481000542)
(745728, 773, (256, 1, 4, 512), 1.0375559481000542)
(745728, 774, (256, 4, 2, 512), 1.0375559481000542)
(745728, 777, (256, 1, 512, 8), 1.0375559481000542)
(745728, 778, (256, 2, 512, 8), 1.0375559481000542)
(745728, 780, (256, 4, 512, 8), 1.0375559481000542)
(745728, 785, (256, 1, 16, 512), 1.0375559481000542)
(745728, 786, (256, 16, 2, 512), 1.0375559481000542)
(745728, 788, (256, 4, 16, 512), 1.0375559481000542)
(745728, 792, (256, 16, 512, 8), 1.0375559481000542)
(745728, 17153, (256, 1, 512, 16384), 1.0375559481000542)
(745728, 17154, (256, 2, 512, 16384), 1.0375559481000542)
(745728, 17156, (256, 4, 512, 16384), 1.0375559481000542)
(745728, 17160, (256, 512, 8, 16384), 1.0375559481000542)
(745728, 17168, (256, 16, 512, 16384), 1.0375559481000542)
(762744, 16409, (1, 16, 8, 16384), 0.37194866554501)
(764160, 16407, (1, 4, 16, 2, 16384), 0.5212092037658678)
(801391, 16405, (1, 4, 16, 16384), 0.35242208490847465)
(856320, 24, (16, 8), 0.5134455713419471)
(921600, 12, (4, 8), 0.5407747662515803)
(921600, 16396, (4, 8, 16384), 0.5234115565355323)
(921600, 16922, (16, 2, 512, 8, 16384), 0.3144692874909373)
(1057410, 518, (4, 2, 512), 1.228075632728063)
