(0, 0, (), 25.42226461176782)
(0, 4, (4,), 28.350994678886323)
(0, 16, (16,), 28.88226910180636)
(0, 20, (4, 16), 24.328952769809767)
(0, 36, (4, 32), 30.94290969486635)
(0, 48, (16, 32), 29.21143890996257)
(0, 64, (64,), 27.720228878479208)
(0, 68, (4, 64), 29.829346909209445)
(0, 84, (4, 16, 64), 29.283737564652064)
(0, 96, (32, 64), 29.318214683109403)
(0, 100, (4, 32, 64), 32.03877669264306)
(0, 112, (16, 32, 64), 31.298352094350374)
(0, 116, (4, 16, 32, 64), 29.504473283068833)
(0, 132, (4, 128), 27.66579381622333)
(0, 144, (16, 128), 29.479496259781847)
(0, 160, (32, 128), 26.07206807305616)
(0, 164, (4, 32, 128), 26.90397371385297)
(0, 176, (16, 32, 128), 29.14756373839538)
(0, 180, (4, 16, 32, 128), 29.69839590396094)
(0, 208, (16, 64, 128), 30.424722930954033)
(0, 212, (4, 16, 64, 128), 23.22246006420852)
(0, 240, (16, 32, 64, 128), 29.333896252224097)
(0, 244, (4, 16, 32, 64, 128), 28.581349717338412)
(0, 256, (256,), 26.6712742341202)
(0, 260, (256, 4), 26.6712742341202)
(0, 272, (256, 16), 26.6712742341202)
(0, 276, (256, 4, 16), 26.6712742341202)
(0, 288, (256, 32), 26.6712742341202)
(0, 292, (256, 4, 32), 26.6712742341202)
(0, 304, (256, 16, 32), 26.6712742341202)
(0, 308, (256, 4, 16, 32), 26.6712742341202)
(0, 320, (256, 64), 26.6712742341202)
(0, 324, (256, 4, 64), 26.6712742341202)
(0, 336, (256, 16, 64), 26.6712742341202)
(0, 340, (256, 4, 16, 64), 26.6712742341202)
(0, 352, (256, 32, 64), 26.6712742341202)
(0, 356, (256, 4, 32, 64), 26.6712742341202)
(0, 368, (256, 16, 32, 64), 26.6712742341202)
(0, 372, (256, 4, 16, 32, 64), 27.729875305553833)
(0, 384, (256, 128), 26.6712742341202)
(0, 388, (256, 4, 128), 26.6712742341202)
(0, 400, (256, 16, 128), 26.6712742341202)
(0, 404, (256, 4, 16, 128), 26.6712742341202)
(0, 416, (256, 32, 128), 26.6712742341202)
(0, 420, (256, 4, 32, 128), 26.6712742341202)
(0, 432, (256, 16, 32, 128), 26.6712742341202)
(0, 436, (256, 4, 16, 32, 128), 27.729875305553833)
(0, 448, (256, 64, 128), 26.6712742341202)
(0, 452, (256, 4, 64, 128), 26.6712742341202)
(0, 464, (256, 16, 64, 128), 26.6712742341202)
(0, 468, (256, 4, 16, 64, 128), 27.729875305553833)
(0, 480, (256, 32, 64, 128), 26.6712742341202)
(0, 484, (256, 4, 32, 64, 128), 27.729875305553833)
(0, 496, (256, 16, 32, 64, 128), 27.729875305553833)
(0, 500, (256, 4, 16, 32, 64, 128), 27.662607717052687)
(0, 2048, (2048,), 25.42226461176782)
(0, 2052, (4, 2048), 28.350994678886323)
(0, 2064, (16, 2048), 28.88226910180636)
(0, 2068, (4, 16, 2048), 24.328952769809767)
(0, 2084, (4, 32, 2048), 30.94290969486635)
(0, 2096, (16, 32, 2048), 29.21143890996257)
(0, 2112, (64, 2048), 27.720228878479208)
(0, 2116, (4, 64, 2048), 29.829346909209445)
(0, 2132, (4, 16, 64, 2048), 29.283737564652064)
(0, 2144, (32, 64, 2048), 29.318214683109403)
(0, 2148, (4, 32, 64, 2048), 32.03877669264306)
(0, 2160, (16, 32, 64, 2048), 31.298352094350374)
(0, 2164, (4, 16, 32, 64, 2048), 29.504473283068833)
(0, 2180, (4, 128, 2048), 27.66579381622333)
(0, 2192, (16, 128, 2048), 29.479496259781847)
(0, 2208, (32, 128, 2048), 26.07206807305616)
(0, 2212, (4, 32, 128, 2048), 26.90397371385297)
(0, 2224, (16, 32, 128, 2048), 29.14756373839538)
(0, 2228, (4, 16, 32, 128, 2048), 29.69839590396094)
(0, 2256, (16, 64, 128, 2048), 30.424722930954033)
(0, 2260, (4, 16, 64, 128, 2048), 23.22246006420852)
(0, 2288, (16, 32, 64, 128, 2048), 29.333896252224097)
(0, 2292, (4, 16, 32, 64, 128, 2048), 28.581349717338412)
(0, 2304, (256, 2048), 26.6712742341202)
(0, 2308, (256, 4, 2048), 26.6712742341202)
(0, 2320, (256, 16, 2048), 26.6712742341202)
(0, 2324, (256, 4, 16, 2048), 26.6712742341202)
(0, 2336, (256, 32, 2048), 26.6712742341202)
(0, 2340, (256, 4, 32, 2048), 26.6712742341202)
(0, 2352, (256, 16, 32, 2048), 26.6712742341202)
(0, 2356, (256, 4, 16, 32, 2048), 27.729875305553833)
(0, 2368, (256, 64, 2048), 26.6712742341202)
(0, 2372, (256, 4, 64, 2048), 26.6712742341202)
(0, 2384, (256, 16, 64, 2048), 26.6712742341202)
(0, 2388, (256, 4, 16, 64, 2048), 27.729875305553833)
(0, 2400, (256, 32, 64, 2048), 26.6712742341202)
(0, 2404, (256, 4, 32, 64, 2048), 27.729875305553833)
(0, 2416, (256, 16, 32, 64, 2048), 27.729875305553833)
(0, 2420, (256, 4, 16, 32, 64, 2048), 27.662607717052687)
(0, 2432, (256, 128, 2048), 26.6712742341202)
(0, 2436, (256, 4, 128, 2048), 26.6712742341202)
(0, 2448, (256, 16, 128, 2048), 26.6712742341202)
(0, 2452, (256, 4, 16, 128, 2048), 27.729875305553833)
(0, 2464, (256, 32, 128, 2048), 26.6712742341202)
(0, 2468, (256, 4, 32, 128, 2048), 27.729875305553833)
(0, 2480, (256, 16, 32, 128, 2048), 27.729875305553833)
(0, 2484, (256, 4, 16, 32, 128, 2048), 27.662607717052687)
(0, 2496, (256, 64, 128, 2048), 26.6712742341202)
(0, 2500, (256, 4, 64, 128, 2048), 27.729875305553833)
(0, 2512, (256, 16, 64, 128, 2048), 27.729875305553833)
(0, 2516, (256, 4, 16, 64, 128, 2048), 27.662607717052687)
(0, 2528, (256, 32, 64, 128, 2048), 27.729875305553833)
(0, 2532, (256, 4, 32, 64, 128, 2048), 27.662607717052687)
(0, 2544, (256, 16, 32, 64, 128, 2048), 27.662607717052687)
(0, 4096, (4096,), 25.42226461176782)
(0, 4100, (4, 4096), 28.350994678886323)
(0, 4112, (16, 4096), 28.88226910180636)
(0, 4116, (4, 16, 4096), 24.328952769809767)
(0, 4132, (4, 32, 4096), 30.94290969486635)
(0, 4144, (16, 32, 4096), 29.21143890996257)
(0, 4160, (64, 4096), 27.720228878479208)
(0, 4164, (4, 64, 4096), 29.829346909209445)
(0, 4180, (4, 16, 64, 4096), 29.283737564652064)
(0, 4192, (32, 64, 4096), 29.318214683109403)
(0, 4196, (4, 32, 64, 4096), 32.03877669264306)
(0, 4208, (16, 32, 64, 4096), 31.298352094350374)
(0, 4212, (4, 16, 32, 64, 4096), 29.504473283068833)
(0, 4228, (4, 128, 4096), 27.66579381622333)
(0, 4240, (16, 128, 4096), 29.479496259781847)
(0, 4256, (32, 128, 4096), 26.07206807305616)
(0, 4260, (4, 32, 128, 4096), 26.90397371385297)
(0, 4272, (16, 32, 128, 4096), 29.14756373839538)
(0, 4276, (4, 16, 32, 128, 4096), 29.69839590396094)
(0, 4304, (16, 64, 128, 4096), 30.424722930954033)
(0, 4308, (4, 16, 64, 128, 4096), 23.22246006420852)
(0, 4336, (16, 32, 64, 128, 4096), 29.333896252224097)
(0, 4340, (4, 16, 32, 64, 128, 4096), 28.581349717338412)
(0, 4352, (256, 4096), 26.6712742341202)
(0, 4356, (256, 4, 4096), 26.6712742341202)
(0, 4368, (256, 16, 4096), 26.6712742341202)
(0, 4372, (256, 4, 16, 4096), 26.6712742341202)
(0, 4384, (256, 32, 4096), 26.6712742341202)
(0, 4388, (256, 4, 32, 4096), 26.6712742341202)
(0, 4400, (256, 16, 32, 4096), 26.6712742341202)
(0, 4404, (256, 4, 16, 32, 4096), 27.729875305553833)
(0, 4416, (256, 64, 4096), 26.6712742341202)
(0, 4420, (256, 4, 64, 4096), 26.6712742341202)
(0, 4432, (256, 16, 64, 4096), 26.6712742341202)
(0, 4436, (256, 4, 16, 64, 4096), 27.729875305553833)
(0, 4448, (256, 32, 64, 4096), 26.6712742341202)
(0, 4452, (256, 4, 32, 64, 4096), 27.729875305553833)
(0, 4464, (256, 16, 32, 64, 4096), 27.729875305553833)
(0, 4468, (256, 4, 16, 32, 64, 4096), 27.662607717052687)
(0, 4480, (256, 128, 4096), 26.6712742341202)
(0, 4484, (256, 4, 128, 4096), 26.6712742341202)
(0, 4496, (256, 16, 128, 4096), 26.6712742341202)
(0, 4500, (256, 4, 16, 128, 4096), 27.729875305553833)
(0, 4512, (256, 32, 128, 4096), 26.6712742341202)
(0, 4516, (256, 4, 32, 128, 4096), 27.729875305553833)
(0, 4528, (256, 16, 32, 128, 4096), 27.729875305553833)
(0, 4532, (256, 4, 16, 32, 128, 4096), 27.662607717052687)
(0, 4544, (256, 64, 128, 4096), 26.6712742341202)
(0, 4548, (256, 4, 64, 128, 4096), 27.729875305553833)
(0, 4560, (256, 16, 64, 128, 4096), 27.729875305553833)
(0, 4564, (256, 4, 16, 64, 128, 4096), 27.662607717052687)
(0, 4576, (256, 32, 64, 128, 4096), 27.729875305553833)
(0, 4580, (256, 4, 32, 64, 128, 4096), 27.662607717052687)
(0, 4592, (256, 16, 32, 64, 128, 4096), 27.662607717052687)
(0, 6144, (2048, 4096), 25.42226461176782)
(0, 6148, (4, 2048, 4096), 28.350994678886323)
(0, 6160, (16, 2048, 4096), 28.88226910180636)
(0, 6164, (4, 16, 2048, 4096), 24.328952769809767)
(0, 6180, (4, 32, 2048, 4096), 30.94290969486635)
(0, 6192, (16, 32, 2048, 4096), 29.21143890996257)
(0, 6208, (64, 2048, 4096), 27.720228878479208)
(0, 6212, (4, 64, 2048, 4096), 29.829346909209445)
(0, 6228, (4, 16, 64, 2048, 4096), 29.283737564652064)
(0, 6240, (32, 64, 2048, 4096), 29.318214683109403)
(0, 6244, (4, 32, 64, 2048, 4096), 32.03877669264306)
(0, 6256, (16, 32, 64, 2048, 4096), 31.298352094350374)
(0, 6260, (4, 16, 32, 64, 2048, 4096), 29.504473283068833)
(0, 6276, (4, 128, 2048, 4096), 27.66579381622333)
(0, 6288, (16, 128, 2048, 4096), 29.479496259781847)
(0, 6304, (32, 128, 2048, 4096), 26.07206807305616)
(0, 6308, (4, 32, 128, 2048, 4096), 26.90397371385297)
(0, 6320, (16, 32, 128, 2048, 4096), 29.14756373839538)
(0, 6324, (4, 16, 32, 128, 2048, 4096), 29.69839590396094)
(0, 6352, (16, 64, 128, 2048, 4096), 30.424722930954033)
(0, 6356, (4, 16, 64, 128, 2048, 4096), 23.22246006420852)
(0, 6384, (16, 32, 64, 128, 2048, 4096), 29.333896252224097)
(0, 6388, (4, 16, 32, 64, 128, 2048, 4096), 28.581349717338412)
(0, 6400, (256, 2048, 4096), 26.6712742341202)
(0, 6404, (256, 4, 2048, 4096), 26.6712742341202)
(0, 6416, (256, 16, 2048, 4096), 26.6712742341202)
(0, 6420, (256, 4, 16, 2048, 4096), 27.729875305553833)
(0, 6432, (256, 32, 2048, 4096), 26.6712742341202)
(0, 6436, (256, 4, 32, 2048, 4096), 27.729875305553833)
(0, 6448, (256, 16, 32, 2048, 4096), 27.729875305553833)
(0, 6452, (256, 4, 16, 32, 2048, 4096), 27.662607717052687)
(0, 6464, (256, 64, 2048, 4096), 26.6712742341202)
(0, 6468, (256, 4, 64, 2048, 4096), 27.729875305553833)
(0, 6480, (256, 16, 64, 2048, 4096), 27.729875305553833)
(0, 6484, (256, 4, 16, 64, 2048, 4096), 27.662607717052687)
(0, 6496, (256, 32, 64, 2048, 4096), 27.729875305553833)
(0, 6500, (256, 4, 32, 64, 2048, 4096), 27.662607717052687)
(0, 6512, (256, 16, 32, 64, 2048, 4096), 27.662607717052687)
(0, 6528, (256, 128, 2048, 4096), 26.6712742341202)
(0, 6532, (256, 4, 128, 2048, 4096), 27.729875305553833)
(0, 6544, (256, 16, 128, 2048, 4096), 27.729875305553833)
(0, 6548, (256, 4, 16, 128, 2048, 4096), 27.662607717052687)
(0, 6560, (256, 32, 128, 2048, 4096), 27.729875305553833)
(0, 6564, (256, 4, 32, 128, 2048, 4096), 27.662607717052687)
(0, 6576, (256, 16, 32, 128, 2048, 4096), 27.662607717052687)
(0, 6592, (256, 64, 128, 2048, 4096), 27.729875305553833)
(0, 6596, (256, 4, 64, 128, 2048, 4096), 27.662607717052687)
(0, 6608, (256, 16, 64, 128, 2048, 4096), 27.662607717052687)
(0, 6624, (256, 32, 64, 128, 2048, 4096), 27.662607717052687)
(0, 8192, (8192,), 25.42226461176782)
(0, 8196, (4, 8192), 28.350994678886323)
(0, 8208, (16, 8192), 28.88226910180636)
(0, 8212, (4, 16, 8192), 24.328952769809767)
(0, 8228, (4, 32, 8192), 30.94290969486635)
(0, 8240, (16, 32, 8192), 29.21143890996257)
(0, 8256, (64, 8192), 27.720228878479208)
(0, 8260, (4, 64, 8192), 29.829346909209445)
(0, 8276, (4, 16, 64, 8192), 29.283737564652064)
(0, 8288, (32, 64, 8192), 29.318214683109403)
(0, 8292, (4, 32, 64, 8192), 32.03877669264306)
(0, 8304, (16, 32, 64, 8192), 31.298352094350374)
(0, 8308, (4, 16, 32, 64, 8192), 29.504473283068833)
(0, 8324, (4, 128, 8192), 27.66579381622333)
(0, 8336, (16, 128, 8192), 29.479496259781847)
(0, 8352, (32, 128, 8192), 26.07206807305616)
(0, 8356, (4, 32, 128, 8192), 26.90397371385297)
(0, 8368, (16, 32, 128, 8192), 29.14756373839538)
(0, 8372, (4, 16, 32, 128, 8192), 29.69839590396094)
(0, 8400, (16, 64, 128, 8192), 30.424722930954033)
(0, 8404, (4, 16, 64, 128, 8192), 23.22246006420852)
(0, 8432, (16, 32, 64, 128, 8192), 29.333896252224097)
(0, 8436, (4, 16, 32, 64, 128, 8192), 28.581349717338412)
(0, 8448, (256, 8192), 26.6712742341202)
(0, 8452, (256, 4, 8192), 26.6712742341202)
(0, 8464, (256, 16, 8192), 26.6712742341202)
(0, 8468, (256, 4, 16, 8192), 26.6712742341202)
(0, 8480, (256, 32, 8192), 26.6712742341202)
(0, 8484, (256, 4, 32, 8192), 26.6712742341202)
(0, 8496, (256, 16, 32, 8192), 26.6712742341202)
(0, 8500, (256, 4, 16, 32, 8192), 27.729875305553833)
(0, 8512, (256, 64, 8192), 26.6712742341202)
(0, 8516, (256, 4, 64, 8192), 26.6712742341202)
(0, 8528, (256, 16, 64, 8192), 26.6712742341202)
(0, 8532, (256, 4, 16, 64, 8192), 27.729875305553833)
(0, 8544, (256, 32, 64, 8192), 26.6712742341202)
(0, 8548, (256, 4, 32, 64, 8192), 27.729875305553833)
(0, 8560, (256, 16, 32, 64, 8192), 27.729875305553833)
(0, 8564, (256, 4, 16, 32, 64, 8192), 27.662607717052687)
(0, 8576, (256, 128, 8192), 26.6712742341202)
(0, 8580, (256, 4, 128, 8192), 26.6712742341202)
(0, 8592, (256, 16, 128, 8192), 26.6712742341202)
(0, 8596, (256, 4, 16, 128, 8192), 27.729875305553833)
(0, 8608, (256, 32, 128, 8192), 26.6712742341202)
(0, 8612, (256, 4, 32, 128, 8192), 27.729875305553833)
(0, 8624, (256, 16, 32, 128, 8192), 27.729875305553833)
(0, 8628, (256, 4, 16, 32, 128, 8192), 27.662607717052687)
(0, 8640, (256, 64, 128, 8192), 26.6712742341202)
(0, 8644, (256, 4, 64, 128, 8192), 27.729875305553833)
(0, 8656, (256, 16, 64, 128, 8192), 27.729875305553833)
(0, 8660, (256, 4, 16, 64, 128, 8192), 27.662607717052687)
(0, 8672, (256, 32, 64, 128, 8192), 27.729875305553833)
(0, 8676, (256, 4, 32, 64, 128, 8192), 27.662607717052687)
(0, 8688, (256, 16, 32, 64, 128, 8192), 27.662607717052687)
(0, 10240, (2048, 8192), 25.42226461176782)
(0, 10244, (4, 2048, 8192), 28.350994678886323)
(0, 10256, (16, 2048, 8192), 28.88226910180636)
(0, 10260, (4, 16, 2048, 8192), 24.328952769809767)
(0, 10276, (4, 32, 2048, 8192), 30.94290969486635)
(0, 10288, (16, 32, 2048, 8192), 29.21143890996257)
(0, 10304, (64, 2048, 8192), 27.720228878479208)
(0, 10308, (4, 64, 2048, 8192), 29.829346909209445)
(0, 10324, (4, 16, 64, 2048, 8192), 29.283737564652064)
(0, 10336, (32, 64, 2048, 8192), 29.318214683109403)
(0, 10340, (4, 32, 64, 2048, 8192), 32.03877669264306)
(0, 10352, (16, 32, 64, 2048, 8192), 31.298352094350374)
(0, 10356, (4, 16, 32, 64, 2048, 8192), 29.504473283068833)
(0, 10372, (4, 128, 2048, 8192), 27.66579381622333)
(0, 10384, (16, 128, 2048, 8192), 29.479496259781847)
(0, 10400, (32, 128, 2048, 8192), 26.07206807305616)
(0, 10404, (4, 32, 128, 2048, 8192), 26.90397371385297)
(0, 10416, (16, 32, 128, 2048, 8192), 29.14756373839538)
(0, 10420, (4, 16, 32, 128, 2048, 8192), 29.69839590396094)
(0, 10448, (16, 64, 128, 2048, 8192), 30.424722930954033)
(0, 10452, (4, 16, 64, 128, 2048, 8192), 23.22246006420852)
(0, 10480, (16, 32, 64, 128, 2048, 8192), 29.333896252224097)
(0, 10484, (4, 16, 32, 64, 128, 2048, 8192), 28.581349717338412)
(0, 10496, (256, 2048, 8192), 26.6712742341202)
(0, 10500, (256, 4, 2048, 8192), 26.6712742341202)
(0, 10512, (256, 16, 2048, 8192), 26.6712742341202)
(0, 10516, (256, 4, 16, 2048, 8192), 27.729875305553833)
(0, 10528, (256, 32, 2048, 8192), 26.6712742341202)
(0, 10532, (256, 4, 32, 2048, 8192), 27.729875305553833)
(0, 10544, (256, 16, 32, 2048, 8192), 27.729875305553833)
(0, 10548, (256, 4, 16, 32, 2048, 8192), 27.662607717052687)
(0, 10560, (256, 64, 2048, 8192), 26.6712742341202)
(0, 10564, (256, 4, 64, 2048, 8192), 27.729875305553833)
(0, 10576, (256, 16, 64, 2048, 8192), 27.729875305553833)
(0, 10580, (256, 4, 16, 64, 2048, 8192), 27.662607717052687)
(0, 10592, (256, 32, 64, 2048, 8192), 27.729875305553833)
(0, 10596, (256, 4, 32, 64, 2048, 8192), 27.662607717052687)
(0, 10608, (256, 16, 32, 64, 2048, 8192), 27.662607717052687)
(0, 10624, (256, 128, 2048, 8192), 26.6712742341202)
(0, 10628, (256, 4, 128, 2048, 8192), 27.729875305553833)
(0, 10640, (256, 16, 128, 2048, 8192), 27.729875305553833)
(0, 10644, (256, 4, 16, 128, 2048, 8192), 27.662607717052687)
(0, 10656, (256, 32, 128, 2048, 8192), 27.729875305553833)
(0, 10660, (256, 4, 32, 128, 2048, 8192), 27.662607717052687)
(0, 10672, (256, 16, 32, 128, 2048, 8192), 27.662607717052687)
(0, 10688, (256, 64, 128, 2048, 8192), 27.729875305553833)
(0, 10692, (256, 4, 64, 128, 2048, 8192), 27.662607717052687)
(0, 10704, (256, 16, 64, 128, 2048, 8192), 27.662607717052687)
(0, 10720, (256, 32, 64, 128, 2048, 8192), 27.662607717052687)
(0, 12288, (4096, 8192), 25.42226461176782)
(0, 12292, (4, 4096, 8192), 28.350994678886323)
(0, 12304, (16, 4096, 8192), 28.88226910180636)
(0, 12308, (4, 16, 4096, 8192), 24.328952769809767)
(0, 12324, (4, 32, 4096, 8192), 30.94290969486635)
(0, 12336, (16, 32, 4096, 8192), 29.21143890996257)
(0, 12352, (64, 4096, 8192), 27.720228878479208)
(0, 12356, (4, 64, 4096, 8192), 29.829346909209445)
(0, 12372, (4, 16, 64, 4096, 8192), 29.283737564652064)
(0, 12384, (32, 64, 4096, 8192), 29.318214683109403)
(0, 12388, (4, 32, 64, 4096, 8192), 32.03877669264306)
(0, 12400, (16, 32, 64, 4096, 8192), 31.298352094350374)
(0, 12404, (4, 16, 32, 64, 4096, 8192), 29.504473283068833)
(0, 12420, (4, 128, 4096, 8192), 27.66579381622333)
(0, 12432, (16, 128, 4096, 8192), 29.479496259781847)
(0, 12448, (32, 128, 4096, 8192), 26.07206807305616)
(0, 12452, (4, 32, 128, 4096, 8192), 26.90397371385297)
(0, 12464, (16, 32, 128, 4096, 8192), 29.14756373839538)
(0, 12468, (4, 16, 32, 128, 4096, 8192), 29.69839590396094)
(0, 12496, (16, 64, 128, 4096, 8192), 30.424722930954033)
(0, 12500, (4, 16, 64, 128, 4096, 8192), 23.22246006420852)
(0, 12528, (16, 32, 64, 128, 4096, 8192), 29.333896252224097)
(0, 12532, (4, 16, 32, 64, 128, 4096, 8192), 28.581349717338412)
(0, 12544, (256, 4096, 8192), 26.6712742341202)
(0, 12548, (256, 4, 4096, 8192), 26.6712742341202)
(0, 12560, (256, 16, 4096, 8192), 26.6712742341202)
(0, 12564, (256, 4, 16, 4096, 8192), 27.729875305553833)
(0, 12576, (256, 32, 4096, 8192), 26.6712742341202)
(0, 12580, (256, 4, 32, 4096, 8192), 27.729875305553833)
(0, 12592, (256, 16, 32, 4096, 8192), 27.729875305553833)
(0, 12596, (256, 4, 16, 32, 4096, 8192), 27.662607717052687)
(0, 12608, (256, 64, 4096, 8192), 26.6712742341202)
(0, 12612, (256, 4, 64, 4096, 8192), 27.729875305553833)
(0, 12624, (256, 16, 64, 4096, 8192), 27.729875305553833)
(0, 12628, (256, 4, 16, 64, 4096, 8192), 27.662607717052687)
(0, 12640, (256, 32, 64, 4096, 8192), 27.729875305553833)
(0, 12644, (256, 4, 32, 64, 4096, 8192), 27.662607717052687)
(0, 12656, (256, 16, 32, 64, 4096, 8192), 27.662607717052687)
(0, 12672, (256, 128, 4096, 8192), 26.6712742341202)
(0, 12676, (256, 4, 128, 4096, 8192), 27.729875305553833)
(0, 12688, (256, 16, 128, 4096, 8192), 27.729875305553833)
(0, 12692, (256, 4, 16, 128, 4096, 8192), 27.662607717052687)
(0, 12704, (256, 32, 128, 4096, 8192), 27.729875305553833)
(0, 12708, (256, 4, 32, 128, 4096, 8192), 27.662607717052687)
(0, 12720, (256, 16, 32, 128, 4096, 8192), 27.662607717052687)
(0, 12736, (256, 64, 128, 4096, 8192), 27.729875305553833)
(0, 12740, (256, 4, 64, 128, 4096, 8192), 27.662607717052687)
(0, 12752, (256, 16, 64, 128, 4096, 8192), 27.662607717052687)
(0, 12768, (256, 32, 64, 128, 4096, 8192), 27.662607717052687)
(0, 14336, (2048, 4096, 8192), 25.42226461176782)
(0, 14340, (4, 2048, 4096, 8192), 28.350994678886323)
(0, 14352, (16, 2048, 4096, 8192), 28.88226910180636)
(0, 14356, (4, 16, 2048, 4096, 8192), 24.328952769809767)
(0, 14372, (4, 32, 2048, 4096, 8192), 30.94290969486635)
(0, 14384, (16, 32, 2048, 4096, 8192), 29.21143890996257)
(0, 14400, (64, 2048, 4096, 8192), 27.720228878479208)
(0, 14404, (4, 64, 2048, 4096, 8192), 29.829346909209445)
(0, 14420, (4, 16, 64, 2048, 4096, 8192), 29.283737564652064)
(0, 14432, (32, 64, 2048, 4096, 8192), 29.318214683109403)
(0, 14436, (4, 32, 64, 2048, 4096, 8192), 32.03877669264306)
(0, 14448, (16, 32, 64, 2048, 4096, 8192), 31.298352094350374)
(0, 14452, (4, 16, 32, 64, 2048, 4096, 8192), 29.504473283068833)
(0, 14468, (4, 128, 2048, 4096, 8192), 27.66579381622333)
(0, 14480, (16, 128, 2048, 4096, 8192), 29.479496259781847)
(0, 14496, (32, 128, 2048, 4096, 8192), 26.07206807305616)
(0, 14500, (4, 32, 128, 2048, 4096, 8192), 26.90397371385297)
(0, 14512, (16, 32, 128, 2048, 4096, 8192), 29.14756373839538)
(0, 14516, (4, 16, 32, 128, 2048, 4096, 8192), 29.69839590396094)
(0, 14544, (16, 64, 128, 2048, 4096, 8192), 30.424722930954033)
(0, 14548, (4, 16, 64, 128, 2048, 4096, 8192), 23.22246006420852)
(0, 14576, (16, 32, 64, 128, 2048, 4096, 8192), 29.333896252224097)
(0, 14580, (4, 16, 32, 64, 128, 2048, 4096, 8192), 28.581349717338412)
(0, 14592, (256, 2048, 4096, 8192), 26.6712742341202)
(0, 14596, (256, 4, 2048, 4096, 8192), 27.729875305553833)
(0, 14608, (256, 16, 2048, 4096, 8192), 27.729875305553833)
(0, 14612, (256, 4, 16, 2048, 4096, 8192), 27.662607717052687)
(0, 14624, (256, 32, 2048, 4096, 8192), 27.729875305553833)
(0, 14628, (256, 4, 32, 2048, 4096, 8192), 27.662607717052687)
(0, 14640, (256, 16, 32, 2048, 4096, 8192), 27.662607717052687)
(0, 14656, (256, 64, 2048, 4096, 8192), 27.729875305553833)
(0, 14660, (256, 4, 64, 2048, 4096, 8192), 27.662607717052687)
(0, 14672, (256, 16, 64, 2048, 4096, 8192), 27.662607717052687)
(0, 14688, (256, 32, 64, 2048, 4096, 8192), 27.662607717052687)
(0, 14720, (256, 128, 2048, 4096, 8192), 27.729875305553833)
(0, 14724, (256, 4, 128, 2048, 4096, 8192), 27.662607717052687)
(0, 14736, (256, 16, 128, 2048, 4096, 8192), 27.662607717052687)
(0, 14752, (256, 32, 128, 2048, 4096, 8192), 27.662607717052687)
(0, 14784, (256, 64, 128, 2048, 4096, 8192), 27.662607717052687)
(0, 14836, (256, 4, 16, 32, 64, 128, 2048, 4096, 8192), 29.234969722209843)
(1188, 80, (16, 64), 29.563238294864668)
(1188, 2128, (16, 64, 2048), 29.563238294864668)
(1188, 4176, (16, 64, 4096), 29.563238294864668)
(1188, 6224, (16, 64, 2048, 4096), 29.563238294864668)
(1188, 8272, (16, 64, 8192), 29.563238294864668)
(1188, 10320, (16, 64, 2048, 8192), 29.563238294864668)
(1188, 12368, (16, 64, 4096, 8192), 29.563238294864668)
(1188, 14416, (16, 64, 2048, 4096, 8192), 29.563238294864668)
(1534, 192, (64, 128), 27.681421029042454)
(1534, 2240, (64, 128, 2048), 27.681421029042454)
(1534, 4288, (64, 128, 4096), 27.681421029042454)
(1534, 6336, (64, 128, 2048, 4096), 27.681421029042454)
(1534, 8384, (64, 128, 8192), 27.681421029042454)
(1534, 10432, (64, 128, 2048, 8192), 27.681421029042454)
(1534, 12480, (64, 128, 4096, 8192), 27.681421029042454)
(1534, 14528, (64, 128, 2048, 4096, 8192), 27.681421029042454)
(2420, 224, (32, 64, 128), 28.673133202469554)
(2420, 2272, (32, 64, 128, 2048), 28.673133202469554)
(2420, 4320, (32, 64, 128, 4096), 28.673133202469554)
(2420, 6368, (32, 64, 128, 2048, 4096), 28.673133202469554)
(2420, 8416, (32, 64, 128, 8192), 28.673133202469554)
(2420, 10464, (32, 64, 128, 2048, 8192), 28.673133202469554)
(2420, 12512, (32, 64, 128, 4096, 8192), 28.673133202469554)
(2420, 14560, (32, 64, 128, 2048, 4096, 8192), 28.673133202469554)
(16154, 196, (4, 64, 128), 28.59339163833837)
(16154, 2244, (4, 64, 128, 2048), 28.59339163833837)
(16154, 4292, (4, 64, 128, 4096), 28.59339163833837)
(16154, 6340, (4, 64, 128, 2048, 4096), 28.59339163833837)
(16154, 8388, (4, 64, 128, 8192), 28.59339163833837)
(16154, 10436, (4, 64, 128, 2048, 8192), 28.59339163833837)
(16154, 12484, (4, 64, 128, 4096, 8192), 28.59339163833837)
(16154, 14532, (4, 64, 128, 2048, 4096, 8192), 28.59339163833837)
(29808, 128, (128,), 27.451318050650304)
(29808, 2176, (128, 2048), 27.451318050650304)
(29808, 4224, (128, 4096), 27.451318050650304)
(29808, 6272, (128, 2048, 4096), 27.451318050650304)
(29808, 8320, (128, 8192), 27.451318050650304)
(29808, 10368, (128, 2048, 8192), 27.451318050650304)
(29808, 12416, (128, 4096, 8192), 27.451318050650304)
(29808, 14464, (128, 2048, 4096, 8192), 27.451318050650304)
(48640, 52, (4, 16, 32), 28.074751308886093)
(48640, 2100, (4, 16, 32, 2048), 28.074751308886093)
(48640, 4148, (4, 16, 32, 4096), 28.074751308886093)
(48640, 6196, (4, 16, 32, 2048, 4096), 28.074751308886093)
(48640, 8244, (4, 16, 32, 8192), 28.074751308886093)
(48640, 10292, (4, 16, 32, 2048, 8192), 28.074751308886093)
(48640, 12340, (4, 16, 32, 4096, 8192), 28.074751308886093)
(48640, 14388, (4, 16, 32, 2048, 4096, 8192), 28.074751308886093)
(81000, 2548, (256, 4, 16, 32, 64, 128, 2048), 28.325272659499436)
(81000, 4596, (256, 4, 16, 32, 64, 128, 4096), 28.325272659499436)
(81000, 6516, (256, 4, 16, 32, 64, 2048, 4096), 28.325272659499436)
(81000, 6580, (256, 4, 16, 32, 128, 2048, 4096), 28.325272659499436)
(81000, 6612, (256, 4, 16, 64, 128, 2048, 4096), 28.325272659499436)
(81000, 6628, (256, 4, 32, 64, 128, 2048, 4096), 28.325272659499436)
(81000, 6640, (256, 16, 32, 64, 128, 2048, 4096), 28.325272659499436)
(81000, 8692, (256, 4, 16, 32, 64, 128, 8192), 28.325272659499436)
(81000, 10612, (256, 4, 16, 32, 64, 2048, 8192), 28.325272659499436)
(81000, 10676, (256, 4, 16, 32, 128, 2048, 8192), 28.325272659499436)
(81000, 10708, (256, 4, 16, 64, 128, 2048, 8192), 28.325272659499436)
(81000, 10724, (256, 4, 32, 64, 128, 2048, 8192), 28.325272659499436)
(81000, 10736, (256, 16, 32, 64, 128, 2048, 8192), 28.325272659499436)
(81000, 12660, (256, 4, 16, 32, 64, 4096, 8192), 28.325272659499436)
(81000, 12724, (256, 4, 16, 32, 128, 4096, 8192), 28.325272659499436)
(81000, 12756, (256, 4, 16, 64, 128, 4096, 8192), 28.325272659499436)
(81000, 12772, (256, 4, 32, 64, 128, 4096, 8192), 28.325272659499436)
(81000, 12784, (256, 16, 32, 64, 128, 4096, 8192), 28.325272659499436)
(81000, 14644, (256, 4, 16, 32, 2048, 4096, 8192), 28.325272659499436)
(81000, 14676, (256, 4, 16, 64, 2048, 4096, 8192), 28.325272659499436)
(81000, 14692, (256, 4, 32, 64, 2048, 4096, 8192), 28.325272659499436)
(81000, 14704, (256, 16, 32, 64, 2048, 4096, 8192), 28.325272659499436)
(81000, 14740, (256, 4, 16, 128, 2048, 4096, 8192), 28.325272659499436)
(81000, 14756, (256, 4, 32, 128, 2048, 4096, 8192), 28.325272659499436)
(81000, 14768, (256, 16, 32, 128, 2048, 4096, 8192), 28.325272659499436)
(81000, 14788, (256, 4, 64, 128, 2048, 4096, 8192), 28.325272659499436)
(81000, 14800, (256, 16, 64, 128, 2048, 4096, 8192), 28.325272659499436)
(81000, 14816, (256, 32, 64, 128, 2048, 4096, 8192), 28.325272659499436)
(172620, 6644, (256, 4, 16, 32, 64, 128, 2048, 4096), 28.156672590870286)
(172620, 10740, (256, 4, 16, 32, 64, 128, 2048, 8192), 28.156672590870286)
(172620, 12788, (256, 4, 16, 32, 64, 128, 4096, 8192), 28.156672590870286)
(172620, 14708, (256, 4, 16, 32, 64, 2048, 4096, 8192), 28.156672590870286)
(172620, 14772, (256, 4, 16, 32, 128, 2048, 4096, 8192), 28.156672590870286)
(172620, 14804, (256, 4, 16, 64, 128, 2048, 4096, 8192), 28.156672590870286)
(172620, 14820, (256, 4, 32, 64, 128, 2048, 4096, 8192), 28.156672590870286)
(172620, 14832, (256, 16, 32, 64, 128, 2048, 4096, 8192), 28.156672590870286)
(189111, 228, (4, 32, 64, 128), 27.597353574667633)
(189111, 2276, (4, 32, 64, 128, 2048), 27.597353574667633)
(189111, 4324, (4, 32, 64, 128, 4096), 27.597353574667633)
(189111, 6372, (4, 32, 64, 128, 2048, 4096), 27.597353574667633)
(189111, 8420, (4, 32, 64, 128, 8192), 27.597353574667633)
(189111, 10468, (4, 32, 64, 128, 2048, 8192), 27.597353574667633)
(189111, 12516, (4, 32, 64, 128, 4096, 8192), 27.597353574667633)
(189111, 14564, (4, 32, 64, 128, 2048, 4096, 8192), 27.597353574667633)
(265680, 32, (32,), 27.896556771857814)
(265680, 2080, (32, 2048), 27.896556771857814)
(265680, 4128, (32, 4096), 27.896556771857814)
(265680, 6176, (32, 2048, 4096), 27.896556771857814)
(265680, 8224, (32, 8192), 27.896556771857814)
(265680, 10272, (32, 2048, 8192), 27.896556771857814)
(265680, 12320, (32, 4096, 8192), 27.896556771857814)
(265680, 14368, (32, 2048, 4096, 8192), 27.896556771857814)
(550064, 148, (4, 16, 128), 27.800638032896977)
(550064, 2196, (4, 16, 128, 2048), 27.800638032896977)
(550064, 4244, (4, 16, 128, 4096), 27.800638032896977)
(550064, 6292, (4, 16, 128, 2048, 4096), 27.800638032896977)
(550064, 8340, (4, 16, 128, 8192), 27.800638032896977)
(550064, 10388, (4, 16, 128, 2048, 8192), 27.800638032896977)
(550064, 12436, (4, 16, 128, 4096, 8192), 27.800638032896977)
(550064, 14484, (4, 16, 128, 2048, 4096, 8192), 27.800638032896977)
